90,7
90,6
90,5
90,4
90,3
90,2
0,538
0,537
90,1
90,0
0,536
89,4
89,3
89,2
89,1
89,0
88,3
88,2
88,1
88,0
87,5
0,535
87,4
87,3
87,2
87,1
87,0
86,3
86,2
86,1
86,0
85,5
85,4
85,3
85,2
85,1
85,0
84,3
84,2
84,1
84,0
83,3
83,2
83,1
83,0
82,9
82,8
82,7
82,6
82,5
82,4
82,3
82,2
82,1
82,0
81,3
81,2
81,1
81,0
80,3
80,2
80,1
80,0
79,5
79,4
79,3
79,2
79,1
79,0
78,3
78,2
78,1
78,0
0,534
0,472
70,2
70,0
64,5
64,4
64,2
64,0
75,4
75,2
75,0
72,2
72,0
0,278
0,9
63,2
63,0
65,1
65,3
64,1
64,3
0,273
0,270
63,1
63,3
3,2
3,1
3,3
10,132
10,16
10,216
10,123
10,121
10,2
10,3
11,10
11,5
11,11
9,7
9,2
9,3
8,12
8,6
8,4
8,8
8,11
8,15
75,6
75,3
75,1
72,5
72,3
72,1
70,5
70,3
70,1
68,3
68,1
67,4
67,3
67,1
20,2
20,3
20,1
12,3
12,2
12,1
19,2
11,30
19,1
11,29
11,28
19,3
11,27
11,26
11,25
